1 2:2
1 2 3:2
1 2 3 4:2
1 2 3 4 5:2
1 2 3 4 5 6:2
1 2 3 4 5 6 7:2
1 2 3 4 5 6 7 48:2
1 2 3 4 5 6 7 48 49:2
1 2 3 4 5 6 7 48 49 50:2
1 2 3 4 5 6 7 48 49 50 51:2
1 2 3 4 5 6 7 48 49 50 51 52:2
1 2 3 4 5 6 7 48 49 50 51 52 53:2
1 2 3 4 5 6 7 48 49 50 51 52 53 54:2
1 2 3 4 5 6 7 48 49 50 51 52 53 54 55:2
1 2 3 4 5 6 7 48 49 50 51 52 53 54 55 56:2
116:2
2 3:2
2 3 4:2
2 3 4 5:2
2 3 4 5 6:2
2 3 4 5 6 7:2
2 3 4 5 6 7 48:2
2 3 4 5 6 7 48 49:2
2 3 4 5 6 7 48 49 50:2
2 3 4 5 6 7 48 49 50 51:2
2 3 4 5 6 7 48 49 50 51 52:2
2 3 4 5 6 7 48 49 50 51 52 53:2
2 3 4 5 6 7 48 49 50 51 52 53 54:2
2 3 4 5 6 7 48 49 50 51 52 53 54 55:2
2 3 4 5 6 7 48 49 50 51 52 53 54 55 56:2
202:5
3 4:2
3 4 5:2
3 4 5 6:2
3 4 5 6 7:2
3 4 5 6 7 48:2
3 4 5 6 7 48 49:2
3 4 5 6 7 48 49 50:2
3 4 5 6 7 48 49 50 51:2
3 4 5 6 7 48 49 50 51 52:2
3 4 5 6 7 48 49 50 51 52 53:2
3 4 5 6 7 48 49 50 51 52 53 54:2
3 4 5 6 7 48 49 50 51 52 53 54 55:2
3 4 5 6 7 48 49 50 51 52 53 54 55 56:2
4 5:2
4 5 6:2
4 5 6 7:2
4 5 6 7 48:2
4 5 6 7 48 49:2
4 5 6 7 48 49 50:2
4 5 6 7 48 49 50 51:2
4 5 6 7 48 49 50 51 52:2
4 5 6 7 48 49 50 51 52 53:2
4 5 6 7 48 49 50 51 52 53 54:2
4 5 6 7 48 49 50 51 52 53 54 55:2
4 5 6 7 48 49 50 51 52 53 54 55 56:2
48:2
48 49:2
48 49 50:2
48 49 50 51:2
48 49 50 51 52:2
48 49 50 51 52 53:2
48 49 50 51 52 53 54:2
48 49 50 51 52 53 54 55:2
48 49 50 51 52 53 54 55 56:2
49:2
49 50:2
49 50 51:2
49 50 51 52:2
49 50 51 52 53:2
49 50 51 52 53 54:2
49 50 51 52 53 54 55:2
49 50 51 52 53 54 55 56:2
5 6:2
5 6 7:2
5 6 7 48:2
5 6 7 48 49:2
5 6 7 48 49 50:2
5 6 7 48 49 50 51:2
5 6 7 48 49 50 51 52:2
5 6 7 48 49 50 51 52 53:2
5 6 7 48 49 50 51 52 53 54:2
5 6 7 48 49 50 51 52 53 54 55:2
5 6 7 48 49 50 51 52 53 54 55 56:2
50:2
50 51:2
50 51 52:2
50 51 52 53:2
50 51 52 53 54:2
50 51 52 53 54 55:2
50 51 52 53 54 55 56:2
51:2
51 52:2
51 52 53:2
51 52 53 54:2
51 52 53 54 55:2
51 52 53 54 55 56:2
52:2
52 53:2
52 53 54:2
52 53 54 55:2
52 53 54 55 56:2
53:2
53 54:2
53 54 55:2
53 54 55 56:2
54:2
54 55:2
54 55 56:2
55:2
55 56:2
56:2
6 7:2
6 7 48:2
6 7 48 49:2
6 7 48 49 50:2
6 7 48 49 50 51:2
6 7 48 49 50 51 52:2
6 7 48 49 50 51 52 53:2
6 7 48 49 50 51 52 53 54:2
6 7 48 49 50 51 52 53 54 55:2
6 7 48 49 50 51 52 53 54 55 56:2
7 48:2
7 48 49:2
7 48 49 50:2
7 48 49 50 51:2
7 48 49 50 51 52:2
7 48 49 50 51 52 53:2
7 48 49 50 51 52 53 54:2
7 48 49 50 51 52 53 54 55:2
7 48 49 50 51 52 53 54 55 56:2
8 9:5
8 9 202:5
9 202:5
