76:5
55:5
52:5
52 1:5
45:5
7:5
7 6:5
7 6 5:5
7 6 5 4:5
7 6 5 4 1:5
7 6 5 1:5
7 6 4:5
7 6 4 1:5
7 6 1:5
7 5:5
7 5 4:5
7 5 4 1:5
7 5 1:5
7 4:5
7 4 1:5
7 3:5
7 3 6:5
7 3 6 5:5
7 3 6 5 4:5
7 3 6 5 4 1:5
7 3 6 5 1:5
7 3 6 4:5
7 3 6 4 1:5
7 3 6 1:5
7 3 5:5
7 3 5 4:5
7 3 5 4 1:5
7 3 5 1:5
7 3 4:5
7 3 4 1:5
7 3 2:5
7 3 2 6:5
7 3 2 6 5:5
7 3 2 6 5 4:5
7 3 2 6 5 4 1:5
7 3 2 6 5 1:5
7 3 2 6 4:5
7 3 2 6 4 1:5
7 3 2 6 1:5
7 3 2 5:5
7 3 2 5 4:5
7 3 2 5 4 1:5
7 3 2 5 1:5
7 3 2 4:5
7 3 2 4 1:5
7 3 2 1:5
7 3 1:5
7 2:5
7 2 6:5
7 2 6 5:5
7 2 6 5 4:5
7 2 6 5 4 1:5
7 2 6 5 1:5
7 2 6 4:5
7 2 6 4 1:5
7 2 6 1:5
7 2 5:5
7 2 5 4:5
7 2 5 4 1:5
7 2 5 1:5
7 2 4:5
7 2 4 1:5
7 2 1:5
7 1:5
3:5
3 6:5
3 6 5:5
3 6 5 4:5
3 6 5 4 1:5
3 6 5 1:5
3 6 4:5
3 6 4 1:5
3 6 1:5
3 5:5
3 5 4:5
3 5 4 1:5
3 5 1:5
3 4:5
3 4 1:5
3 2:5
3 2 6:5
3 2 6 5:5
3 2 6 5 4:5
3 2 6 5 4 1:5
3 2 6 5 1:5
3 2 6 4:5
3 2 6 4 1:5
3 2 6 1:5
3 2 5:5
3 2 5 4:5
3 2 5 4 1:5
3 2 5 1:5
3 2 4:5
3 2 4 1:5
3 2 1:5
3 1:5
2:5
2 6:5
2 6 5:5
2 6 5 4:5
2 6 5 4 1:5
2 6 5 1:5
2 6 4:5
2 6 4 1:5
2 6 1:5
2 5:5
2 5 4:5
2 5 4 1:5
2 5 1:5
2 4:5
2 4 1:5
2 1:5
81:6
6:6
6 5:5
6 5 4:5
6 5 4 1:5
6 5 1:5
6 4:5
6 4 1:5
6 1:5
5:6
5 4:5
5 4 1:5
5 1:5
4:6
4 1:6
8:7
8 202:6
8 202 9:6
8 9:6
202:8
202 9:8
9:8
1:8
