1 2 3 4 5 6 7 
8 9 202 
10 11 12 13 14 15 16 17 18 19 20 21 
22 23 24 25 
26 28 29 30 31 32 33 34 35 36 37 38 39 40 41 42 43 44 46 47 
27 
45 
1 2 3 4 5 6 7 48 49 50 51 52 53 54 55 56 
8 9 202 
1 2 3 4 5 6 7 48 49 50 51 52 53 54 55 56 
57 
8 9 202 
58 60 
59 61 62 63 64 65 66 67 68 69 70 71 72 73 74 75 76 83 84 
42 45 77 78 79 80 82 85 86 87 88 89 90 91 92 93 94 95 96 97 98 99 100 101 102 103 105 106 107 108 109 110 111 112 385 
28 34 80 113 114 115 121 122 123 124 125 126 
81 
116 
104 
23 81 115 128 129 130 131 
117 118 119 120 127 132 133 134 135 136 137 138 139 
66 144 146 
18 19 102 119 134 140 141 142 143 154 157 158 159 160 
28 29 35 116 150 151 152 153 155 156 169 170 171 172 
42 145 147 148 149 
173 174 175 176 194 196 197 
1 4 23 61 81 107 144 156 157 161 162 163 164 165 166 167 168 177 178 179 180 181 182 183 
10 185 187 188 189 190 191 192 193 195 
1 8 9 179 184 200 202 203 204 205 206 207 
10 28 29 60 71 74 76 196 198 199 200 201 208 209 
186 
8 9 202 
1 52 64 65 71 81 86 128 136 178 187 218 223 224 225 226 227 228 229 230 231 232 233 234 235 236 237 238 239 240 241 242 243 244 245 246 247 248 249 250 251 252 253 254 255 256 257 258 259 260 261 262 263 264 265 266 267 268 269 270 271 272 273 274 
1 2 3 4 5 6 7 48 49 50 51 52 53 54 55 56 109 219 
6 9 60 88 173 200 202 203 210 211 212 213 214 215 216 217 221 222 
45 167 294 
73 76 91 134 162 237 275 276 277 278 279 280 281 282 283 284 285 286 287 288 289 290 291 292 293 295 296 297 
157 
116 220 
1 2 3 4 5 6 7 48 49 50 51 52 53 54 55 56 219 
8 9 202 
44 201 
5 10 18 19 24 47 58 60 67 76 122 151 152 192 194 217 241 273 285 298 299 300 301 302 303 304 306 307 308 309 310 311 312 313 314 315 316 317 318 319 320 321 322 323 324 325 346 347 
13 33 38 42 43 45 64 81 128 154 162 165 207 222 237 258 277 279 280 294 344 348 349 350 351 352 353 354 355 356 357 358 359 360 361 362 363 379 380 381 382 383 384 386 398 399 400 401 402 403 404 405 406 407 
82 385 
305 
8 43 68 83 144 161 162 163 173 200 214 216 217 254 255 268 326 327 328 329 330 331 332 333 334 335 336 337 338 339 340 341 342 343 344 345 364 365 366 367 368 369 370 371 372 373 374 375 376 377 378 
157 190 193 216 218 418 419 420 421 422 423 424 425 426 
55 245 248 298 408 409 
9 13 35 43 45 74 76 81 133 134 156 167 197 201 202 203 294 306 327 351 387 388 389 390 391 392 393 394 395 396 397 410 411 412 413 414 415 416 417 427 428 429 430 431 432 433 434 435 436 437 438 439 440 441 442 443 444 445 446 447 
